#T	c11(uc)/c2c	 c11(sc)/c2c	 c13(uc)/c4c	 c13(sc)/c4c	 c22(uc)/c4c	c22(sc)/c4c	 c31(uc)/c4c	 c31(sc)/c4c
156.8 	-1.695913e-01 8.555343e-02  -1.060085e-01 3.978297e-02 -1.610951e-01 4.083606e-02 -9.062466e-02 1.973020e-02 4.403705e-01 6.647306e-02 2.663029e-01 1.140729e-02 -7.972379e-01 1.574955e+00 1.087454e-01 3.065641e-01 
162.0	-1.712557e-01 6.688896e-02  -9.117291e-02 2.994011e-02 -1.046250e-01 4.859943e-03 -7.546258e-02 2.107303e-03 4.202988e-01 6.741270e-02 2.301410e-01 3.008263e-02 -2.161686e-01 7.014308e-01 -1.305713e-01 1.118339e-01 
165.9 	-9.350093e-02 3.244559e-02  -3.601518e-02 2.162990e-02 -8.547830e-02 2.315120e-03 -6.559638e-02 1.775971e-03 4.092177e-01 3.751083e-02 2.728822e-01 1.605168e-02 1.442908e+00 7.413491e-01 3.545684e-01 2.119907e-01 
168.6 	-1.277995e-01 5.448122e-02  -7.514509e-02 2.636876e-02 -7.081008e-02 5.503472e-03 -5.606309e-02 3.236087e-03 3.175038e-01 4.310378e-02 2.256972e-01 3.641518e-02 3.915224e-01 7.920781e-01 -1.300321e-01 1.871053e-01 
173.5 	-1.017929e-01 1.837766e-02  -7.839396e-02 1.458613e-02 -5.657897e-02 3.392455e-03 -4.820615e-02 2.599101e-03 3.264865e-01 3.888559e-02 2.604837e-01 2.385403e-02 1.988635e-01 4.257790e-01 9.636154e-03 1.043852e-01 
178.3 	-4.695731e-02 1.919736e-02  -3.322418e-02 1.233876e-02 -5.048282e-02 2.363421e-03 -4.335702e-02 1.236062e-03 2.649374e-01 1.659469e-02 2.340640e-01 1.149039e-02 1.732016e-01 3.345008e-01 3.204845e-02 1.115052e-01 
184.8 	-5.095459e-02 1.062690e-02  -3.919085e-02 7.646666e-03 -4.106811e-02 1.741325e-03 -3.650879e-02 1.148150e-03 2.020083e-01 1.428601e-02 2.073806e-01 7.262589e-03 1.685362e-01 1.268849e-01 4.872076e-02 6.185612e-02 
189.6 	-2.794676e-02 9.193859e-03  -2.935535e-02 4.594657e-03 -3.458724e-02 7.199134e-04 -3.309920e-02 4.778380e-04 1.811540e-01 7.997788e-03 1.939883e-01 8.902707e-03 3.525953e-02 5.146543e-02 -1.367676e-02 5.276691e-02 
196.0 	-2.345281e-02 5.611605e-03  -2.310547e-02 3.360735e-03 -2.989865e-02 1.170949e-03 -2.762541e-02 9.593501e-04 1.515171e-01 6.975394e-03 1.695517e-01 8.304018e-03 -9.223852e-02 3.717241e-02 -4.709813e-02 2.948890e-02 
207.3 	-2.015966e-02 4.508867e-03  -1.949317e-02 3.014034e-03 -1.851713e-02 1.443407e-03 -1.787171e-02 1.091145e-03 1.007780e-01 5.890170e-03 1.210608e-01 7.079504e-03 1.022401e-02 3.023866e-02 -1.349043e-02 2.202815e-02 
237.1 	-1.218163e-02 1.898109e-03  -1.155555e-02 1.745020e-03 -1.195900e-02 6.040796e-04 -1.164215e-02 5.435267e-04 6.529863e-02 5.386219e-03 7.316758e-02 5.250714e-03 -5.063696e-03 6.808899e-03 -3.892787e-03 6.355555e-03 
273.9 	-6.809263e-03 8.562556e-04  -6.823063e-03 8.048243e-04 -7.934145e-03 9.727163e-04 -7.849174e-03 9.498116e-04 5.073985e-02 3.844276e-03 5.400353e-02 3.976113e-03 -1.106745e-03 1.620754e-03 -1.105682e-03 1.679228e-03 
330.2 	-3.835259e-03 1.629693e-04  -3.828992e-03 1.804800e-04 -3.040221e-03 1.762084e-04 -3.010026e-03 1.810489e-04 3.292413e-02 2.398937e-03 3.384849e-02 2.405980e-03 1.030140e-03 7.854540e-04 1.118154e-03 7.837097e-04 
